[{"id": 0, "img_name": "0001.jpg", "width": 1278, "height": 716, "position": [4.098105627675013, 1.5246653905078384, -0.8029776517585546], "rotation": [[0.5475086532276175, 0.15844843668910666, -0.8216619545480115], [-0.23856151502726194, 0.9707170379585358, 0.028228279524336583], [0.802073985483121, 0.18056169341193268, 0.5692756772280344]], "fy": 1106.0112933100893, "fx": 1095.8044276560731}, {"id": 1, "img_name": "0009.jpg", "width": 1278, "height": 716, "position": [2.2082191678993257, 1.680321321244939, -2.3385818554022855], "rotation": [[0.8925773572910582, 0.10001450530445036, -0.4396620975021801], [-0.11241064794806868, 0.9936594636484041, -0.002171757320921421], [0.4366571967564554, 0.05136116266861257, 0.898160633456022]], "fy": 1106.0112933100893, "fx": 1095.8044276560731}, {"id": 2, "img_name": "0017.jpg", "width": 1278, "height": 716, "position": [0.06845595596810873, 1.6611688312038135, -2.6423790914785354], "rotation": [[0.9994080894779548, -0.034323794356366184, 0.00231253691997413], [0.034198134027805686, 0.9985500890670961, 0.041571712174394745], [-0.0037360828471270854, -0.04146802099300577, 0.99913284648233]], "fy": 1106.0112933100893, "fx": 1095.8044276560731}, {"id": 3, "img_name": "0025.jpg", "width": 1278, "height": 716, "position": [-1.5952701766973043, 1.2084403459541047, -2.3171232935859156], "rotation": [[0.8754253260489174, -0.1756332624719401, 0.45031484055670346], [0.1439037432836209, 0.9841041932035206, 0.10407040688019714], [-0.46143494794077783, -0.026303878662863527, 0.8867840181161256]], "fy": 1106.0112933100893, "fx": 1095.8044276560731}, {"id": 4, "img_name": "0033.jpg", "width": 1278, "height": 716, "position": [-3.3917775077232895, 0.8684284033189192, -1.6442690854693154], "rotation": [[0.4639040371128159, -0.3392746650408889, 0.8183432934971873], [0.2701876647578352, 0.9339314094613683, 0.234031511199261], [-0.8436774680902286, 0.11253810058329038, 0.5249223806944857]], "fy": 1106.0112933100893, "fx": 1095.8044276560731}, {"id": 5, "img_name": "0041.jpg", "width": 1278, "height": 716, "position": [-3.7652902021141172, 0.6701606353712742, -0.26042528321026576], "rotation": [[0.16285633746359054, -0.2461998305275724, 0.9554388817690747], [0.23048996879090197, 0.9510660680621169, 0.2057855885810133], [-0.9593498775914416, 0.18670559078147525, 0.2116337277851198]], "fy": 1106.0112933100893, "fx": 1095.8044276560731}, {"id": 6, "img_name": "0049.jpg", "width": 1278, "height": 716, "position": [-4.0847298927479585, 0.17166714768242128, 1.4594447580481247], "rotation": [[-0.2538555817649522, -0.326753947154874, 0.9103786034532488], [0.24087395718895846, 0.8902017804839831, 0.38667884189761176], [-0.9367694915799242, 0.31744707912005776, -0.1472761745946515]], "fy": 1106.0112933100893, "fx": 1095.8044276560731}, {"id": 7, "img_name": "0057.jpg", "width": 1278, "height": 716, "position": [-2.0276625328170215, -0.5601666889079057, 3.7081568895812884], "rotation": [[-0.7401155058733146, -0.4144462296666061, 0.5295879159129496], [-0.020672939902738226, 0.8011648657386293, 0.5980865217188744], [-0.6721619354900012, 0.4317049694190914, -0.6015223618928861]], "fy": 1106.0112933100893, "fx": 1095.8044276560731}, {"id": 8, "img_name": "0065.jpg", "width": 1278, "height": 716, "position": [0.3705991881989715, -0.7819012953623503, 4.5437906240876], "rotation": [[-0.9691644599300638, -0.1286769766363763, -0.210148721842861], [-0.23149623467660468, 0.7676878204169897, 0.59754908059001], [0.0844378051527933, 0.627771969800447, -0.7738039874502098]], "fy": 1106.0112933100893, "fx": 1095.8044276560731}, {"id": 9, "img_name": "0073.jpg", "width": 1278, "height": 716, "position": [2.6622854575184007, -0.49903369663558667, 3.326047556166458], "rotation": [[-0.6458767080279304, 0.20161761113318688, -0.736337977363622], [-0.338054447543523, 0.7892581469342814, 0.512631220268438], [0.6845162295541621, 0.5800188931222942, -0.44160572357946376]], "fy": 1106.0112933100893, "fx": 1095.8044276560731}, {"id": 10, "img_name": "0081.jpg", "width": 1278, "height": 716, "position": [3.7211455297328757, 0.3954766669740389, 1.049931215442105], "rotation": [[-0.11487569047676223, 0.33547532145066244, -0.9350186545920146], [-0.39214208208692797, 0.8494929606330537, 0.35296784172416906], [0.9127037653006673, 0.40720758653598743, 0.033967900634573354]], "fy": 1106.0112933100893, "fx": 1095.8044276560731}, {"id": 11, "img_name": "0089.jpg", "width": 1278, "height": 716, "position": [2.6348636043594875, 0.8294932052813075, -1.5043563834009865], "rotation": [[0.6691002278262321, 0.3426207862218842, -0.6594815251177109], [-0.24558511407609798, 0.9394714415192734, 0.23891706157980502], [0.7014220105379599, 0.002099385242490588, 0.7127431204259285]], "fy": 1106.0112933100893, "fx": 1095.8044276560731}, {"id": 12, "img_name": "0097.jpg", "width": 1278, "height": 716, "position": [0.3459513192929007, -0.9897615910954378, -1.5866222246261423], "rotation": [[0.9790446499411525, 0.19879984086344682, -0.044161031399579866], [-0.12400822119673174, 0.7540045611047265, 0.6450574260551467], [0.1615349327459201, -0.6260636909340271, 0.7628569462204785]], "fy": 1106.0112933100893, "fx": 1095.8044276560731}, {"id": 13, "img_name": "0105.jpg", "width": 1278, "height": 716, "position": [-1.730695841815688, -2.0528303002491253, -0.49579201418076274], "rotation": [[0.26080670742223366, -0.9018820443504193, 0.34436701270865294], [0.21062840586674336, 0.40127804587461097, 0.8914098970401259], [-0.9421335022201512, -0.15995220529071136, 0.2946179831867538]], "fy": 1106.0112933100893, "fx": 1095.8044276560731}, {"id": 14, "img_name": "0113.jpg", "width": 1278, "height": 716, "position": [-0.7021923861275312, -2.6184368728957543, 1.7048526077831074], "rotation": [[-0.9689418726011172, -0.2379569124555646, -0.06729156956748131], [-0.112821112163594, 0.1832344805147617, 0.9765738690957563], [-0.22005236688209046, 0.9538352231727975, -0.20439012418531782]], "fy": 1106.0112933100893, "fx": 1095.8044276560731}, {"id": 15, "img_name": "0121.jpg", "width": 1278, "height": 716, "position": [2.3343994958023635, -1.7199559024991014, 0.9381930685801904], "rotation": [[-0.16465260397808107, 0.8000383341523799, -0.5769126310715702], [-0.3019954346308736, 0.5159162721513358, 0.8016415393376135], [0.9389825756984774, 0.3062173476734352, 0.1566609667993264]], "fy": 1106.0112933100893, "fx": 1095.8044276560731}, {"id": 16, "img_name": "0129.jpg", "width": 1278, "height": 716, "position": [0.5407808281666799, -2.01558320183464, -0.21982830598974093], "rotation": [[0.9869237289197242, 0.1272743331528853, -0.09890802503171776], [0.0395394211117017, 0.4037147154788439, 0.9140301213220423], [0.15626319935716812, -0.9059887817331538, 0.39340327896490324]], "fy": 1106.0112933100893, "fx": 1095.8044276560731}, {"id": 17, "img_name": "0002.jpg", "width": 1278, "height": 716, "position": [3.9884698465690023, 1.5323262161478568, -0.9653897385673671], "rotation": [[0.5917606690881833, 0.1515147980586335, -0.7917465355084017], [-0.2236521057817811, 0.9744774710944917, 0.019323403133476025], [0.774466943193627, 0.1656409499445573, 0.6105440439491521]], "fy": 1106.0112933100893, "fx": 1095.8044276560731}, {"id": 18, "img_name": "0003.jpg", "width": 1278, "height": 716, "position": [3.8422415236019902, 1.6649297643588818, -1.177437538083285], "rotation": [[0.6409543838787205, 0.1438590310015684, -0.7539774910340092], [-0.2098796455333019, 0.9776934611310897, 0.008125912399591841], [0.7383278487077848, 0.15303618938277333, 0.6568499924349048]], "fy": 1106.0112933100893, "fx": 1095.8044276560731}, {"id": 19, "img_name": "0004.jpg", "width": 1278, "height": 716, "position": [3.3411762724029668, 1.6146742921302204, -1.4831344496108398], "rotation": [[0.6973790627334939, 0.12997231467447912, -0.7048188705469736], [-0.1924896673769638, 0.9812529211830505, -0.009509606870730145], [0.6903695900125231, 0.142302150679068, 0.7093235700990435]], "fy": 1106.0112933100893, "fx": 1095.8044276560731}, {"id": 20, "img_name": "0005.jpg", "width": 1278, "height": 716, "position": [2.986426208652089, 1.6476886157981945, -1.648497789415679], "rotation": [[0.743046545590303, 0.12398037087280453, -0.6576554559376508], [-0.17230088490720635, 0.9850034235509763, -0.008981127604573206], [0.6466793920842935, 0.11998801286419337, 0.753265318876683]], "fy": 1106.0112933100893, "fx": 1095.8044276560731}, {"id": 21, "img_name": "0006.jpg", "width": 1278, "height": 716, "position": [2.8425329046084187, 1.6638692675381512, -1.9363063524022612], "rotation": [[0.7847569096803428, 0.12243366375815672, -0.6075908085938369], [-0.15565546223179874, 0.9878093982858484, -0.0019924195229627513], [0.5999399718191504, 0.09613839314709306, 0.79424771927701]], "fy": 1106.0112933100893, "fx": 1095.8044276560731}, {"id": 22, "img_name": "0007.jpg", "width": 1278, "height": 716, "position": [2.6630966332479185, 1.6857479591705837, -2.0671108064516335], "rotation": [[0.8193106651963845, 0.12009820009974852, -0.5606304096535065], [-0.14387225457846672, 0.9895947481107773, 0.0017346106410500073], [0.5550052326401678, 0.07923797602392399, 0.8280643301686562]], "fy": 1106.0112933100893, "fx": 1095.8044276560731}, {"id": 23, "img_name": "0008.jpg", "width": 1278, "height": 716, "position": [2.4516199779547643, 1.6794300325055351, -2.170806603438139], "rotation": [[0.8571314668690275, 0.11116513601536887, -0.5029592041484415], [-0.1288480520071667, 0.9916642674946083, -0.00040008541615404997], [0.498722195211831, 0.06514823949322261, 0.8643100594659454]], "fy": 1106.0112933100893, "fx": 1095.8044276560731}, {"id": 24, "img_name": "0010.jpg", "width": 1278, "height": 716, "position": [1.954073789019111, 1.7368645876048485, -2.4368127023005375], "rotation": [[0.9055111767848885, 0.09628665303085118, -0.41325342002911836], [-0.10477977464266336, 0.99449318423164, 0.0021225792436587675], [0.4111820856305381, 0.04137858099221629, 0.9106135873638123]], "fy": 1106.0112933100893, "fx": 1095.8044276560731}, {"id": 25, "img_name": "0011.jpg", "width": 1278, "height": 716, "position": [1.463409332829402, 1.6846875207687446, -2.5042866342070154], "rotation": [[0.9112508297683718, 0.0980543369786334, -0.4000090902043785], [-0.10259094497701954, 0.9946722060700693, 0.010114369996386046], [0.3988696820456228, 0.03182058251167394, 0.9164553602186206]], "fy": 1106.0112933100893, "fx": 1095.8044276560731}, {"id": 26, "img_name": "0012.jpg", "width": 1278, "height": 716, "position": [1.223767174729162, 1.7247680158349583, -2.624783662486593], "rotation": [[0.9385529205706543, 0.089689806775137, -0.33327789282959297], [-0.09103823245635245, 0.9957797976357251, 0.011603225921170614], [0.332912083769151, 0.019450788703628007, 0.9427572387944251]], "fy": 1106.0112933100893, "fx": 1095.8044276560731}, {"id": 27, "img_name": "0013.jpg", "width": 1278, "height": 716, "position": [0.9266096886230878, 1.6826614205880708, -2.673022679366084], "rotation": [[0.9700648274925332, 0.0658311459134408, -0.2337530549310634], [-0.06542118181191976, 0.997812366523513, 0.009515785993742053], [0.2338681240191002, 0.006061471807261525, 0.9722494325672382]], "fy": 1106.0112933100893, "fx": 1095.8044276560731}, {"id": 28, "img_name": "0014.jpg", "width": 1278, "height": 716, "position": [0.7644620261416197, 1.7111908586124744, -2.6301871635958505], "rotation": [[0.9896013853896257, 0.03490338953180168, -0.13953799279810752], [-0.03363473948454994, 0.9993687114965338, 0.011440401285105378], [0.13984921284991153, -0.006628112925192183, 0.9901506278260451]], "fy": 1106.0112933100893, "fx": 1095.8044276560731}, {"id": 29, "img_name": "0015.jpg", "width": 1278, "height": 716, "position": [0.6330923396973568, 1.6715726339037023, -2.6846351808709343], "rotation": [[0.9982262833339567, -0.00184665870151315, -0.05950526962307922], [0.002662980917159377, 0.9999033960627557, 0.013642106684927446], [0.05947432886473014, -0.013776370850417132, 0.9981347683616085]], "fy": 1106.0112933100893, "fx": 1095.8044276560731}, {"id": 30, "img_name": "0016.jpg", "width": 1278, "height": 716, "position": [0.3616598928790079, 1.613955990133981, -2.7443836441392127], "rotation": [[0.9994162938017448, -0.02757235739923718, -0.020170195612178688], [0.02812025296077861, 0.9992288383254967, 0.02740401489016703], [0.01939904783762963, -0.027955209999701407, 0.999420923923882]], "fy": 1106.0112933100893, "fx": 1095.8044276560731}, {"id": 31, "img_name": "0018.jpg", "width": 1278, "height": 716, "position": [-0.21403976661754676, 1.6902783231672869, -2.6449808003643467], "rotation": [[0.9973552065928762, -0.0464427199220458, 0.055907652860083916], [0.04381500887057221, 0.9979172499454957, 0.04734350281602238], [-0.0579899722344555, -0.04476869472590697, 0.9973128531673427]], "fy": 1106.0112933100893, "fx": 1095.8044276560731}, {"id": 32, "img_name": "0019.jpg", "width": 1278, "height": 716, "position": [-0.4464824769124088, 1.5875798091838973, -2.5625244224336234], "rotation": [[0.9903771182996522, -0.06480198863589205, 0.12228600008713353], [0.059022358713037196, 0.9969880127093459, 0.05031166550432306], [-0.12517797218531007, -0.0426099141363022, 0.9912188812249648]], "fy": 1106.0112933100893, "fx": 1095.8044276560731}, {"id": 33, "img_name": "0020.jpg", "width": 1278, "height": 716, "position": [-0.6169749909029433, 1.5331498338803888, -2.4689179648369675], "rotation": [[0.978312448996024, -0.08329063822399077, 0.1896507888822041], [0.07436167053205409, 0.9957826827403093, 0.053732585180640835], [-0.19332639265005772, -0.038464507519957586, 0.9803802260175196]], "fy": 1106.0112933100893, "fx": 1095.8044276560731}, {"id": 34, "img_name": "0021.jpg", "width": 1278, "height": 716, "position": [-0.8426506434741105, 1.4818110929568262, -2.505728471335099], "rotation": [[0.9638129436365659, -0.09812038045214215, 0.24786488379466887], [0.08643324060478026, 0.9945895020033628, 0.05762826930646862], [-0.25217831904661026, -0.034119106738447764, 0.9670790980877398]], "fy": 1106.0112933100893, "fx": 1095.8044276560731}, {"id": 35, "img_name": "0022.jpg", "width": 1278, "height": 716, "position": [-1.0922724666104582, 1.3764495299903672, -2.4372656725052257], "rotation": [[0.9502049639387538, -0.11362617095714207, 0.29017170740747616], [0.09833670969918931, 0.9929093799141154, 0.06678963096247756], [-0.29570326009648423, -0.03492930792593658, 0.9546410453233856]], "fy": 1106.0112933100893, "fx": 1095.8044276560731}, {"id": 36, "img_name": "0023.jpg", "width": 1278, "height": 716, "position": [-1.27442655807008, 1.3364178822974833, -2.3398626389593584], "rotation": [[0.9288212873963327, -0.13588176784947312, 0.34471315792339713], [0.11523393116221327, 0.9901277117374425, 0.07980135060560382], [-0.3521535988575459, -0.03439854089460915, 0.9353098861853222]], "fy": 1106.0112933100893, "fx": 1095.8044276560731}, {"id": 37, "img_name": "0024.jpg", "width": 1278, "height": 716, "position": [-1.479624393943665, 1.2438418477243531, -2.3387411363381263], "rotation": [[0.9003538744568399, -0.1577447543139106, 0.40556071461249893], [0.13157591356974008, 0.9870450365524407, 0.09181434956192452], [-0.41478992239306534, -0.02930338382567721, 0.9094452330830701]], "fy": 1106.0112933100893, "fx": 1095.8044276560731}, {"id": 38, "img_name": "0026.jpg", "width": 1278, "height": 716, "position": [-1.8119294007682833, 1.1961684523924194, -2.3308162836599027], "rotation": [[0.8483717431884136, -0.1885426083173514, 0.4946888620217181], [0.1517962972413717, 0.9818291178678351, 0.11388356971344851], [-0.5071718342960911, -0.021523665016872896, 0.8615761500534818]], "fy": 1106.0112933100893, "fx": 1095.8044276560731}, {"id": 39, "img_name": "0027.jpg", "width": 1278, "height": 716, "position": [-2.0951050086737557, 1.1794905302816001, -2.2914621368372265], "rotation": [[0.8045913530391927, -0.20585206382555282, 0.5570077938712543], [0.1633956237459705, 0.9785314892936975, 0.12561048762473506], [-0.5709068442007211, -0.010052476282937765, 0.8209533013304438]], "fy": 1106.0112933100893, "fx": 1095.8044276560731}, {"id": 40, "img_name": "0028.jpg", "width": 1278, "height": 716, "position": [-2.1942876870340497, 1.0912086203845113, -2.1706693705063804], "rotation": [[0.7409978166912637, -0.2356849189340756, 0.6287884021241312], [0.18265293889060752, 0.971819417254169, 0.14901316774832812], [-0.6461889348893279, 0.004431617628541566, 0.763164609499019]], "fy": 1106.0112933100893, "fx": 1095.8044276560731}, {"id": 41, "img_name": "0029.jpg", "width": 1278, "height": 716, "position": [-2.538582875374696, 1.0388152200246241, -2.183157342948038], "rotation": [[0.6839502992470685, -0.2554389592894814, 0.6833468564623328], [0.196648163230144, 0.9665776716659114, 0.16449043903861563], [-0.702525080020675, 0.021875619168667787, 0.7113226899431309]], "fy": 1106.0112933100893, "fx": 1095.8044276560731}, {"id": 42, "img_name": "0030.jpg", "width": 1278, "height": 716, "position": [-2.8842804668295936, 0.9307868097070089, -2.2042106700732997], "rotation": [[0.6460196534804924, -0.2809053129916029, 0.7097540506753267], [0.21349560544467405, 0.9592079889320789, 0.18530963392303393], [-0.732856216302186, 0.03181570527218347, 0.6796392624953895]], "fy": 1106.0112933100893, "fx": 1095.8044276560731}, {"id": 43, "img_name": "0031.jpg", "width": 1278, "height": 716, "position": [-3.072454925024612, 0.8505571736921841, -1.9691782203174808], "rotation": [[0.5922619297328778, -0.3073190233049239, 0.7448361058004608], [0.23936385219439582, 0.9497808559728944, 0.2015471951927272], [-0.769370361303155, 0.05891810878077732, 0.6360801078527368]], "fy": 1106.0112933100893, "fx": 1095.8044276560731}, {"id": 44, "img_name": "0032.jpg", "width": 1278, "height": 716, "position": [-3.2815205907337806, 0.7944043701770926, -1.78474856869131], "rotation": [[0.5223017802866611, -0.32440381694733433, 0.7886463173434495], [0.2586782694603468, 0.9415113933730044, 0.2159672407052149], [-0.8125800903408751, 0.0912055902827474, 0.5756692948931627]], "fy": 1106.0112933100893, "fx": 1095.8044276560731}, {"id": 45, "img_name": "0034.jpg", "width": 1278, "height": 716, "position": [-3.4687459527413744, 0.8336759965412521, -1.2834730200276192], "rotation": [[0.43989842657525885, -0.3470513180128327, 0.8282781881482615], [0.26831845364052265, 0.9309730784345637, 0.24757692676424914], [-0.8570265933636891, 0.11333362208818426, 0.5026538653703981]], "fy": 1106.0112933100893, "fx": 1095.8044276560731}, {"id": 46, "img_name": "0035.jpg", "width": 1278, "height": 716, "position": [-3.3386558319537243, 0.7691681626204987, -0.9353576934991129], "rotation": [[0.4201202326869678, -0.34112432296995604, 0.8409121157203865], [0.2715743684636715, 0.9314501987430808, 0.24217326370810113], [-0.8658789479370693, 0.12662828886060398, 0.4839616968104289]], "fy": 1106.0112933100893, "fx": 1095.8044276560731}, {"id": 47, "img_name": "0036.jpg", "width": 1278, "height": 716, "position": [-3.197964927145235, 0.7065600026609508, -0.8050250795696392], "rotation": [[0.38524054443896577, -0.3031262692434786, 0.871610112272052], [0.28902012979540087, 0.9366247225439175, 0.19799367083969835], [-0.8763886623487426, 0.17563767823009765, 0.4484354117289599]], "fy": 1106.0112933100893, "fx": 1095.8044276560731}, {"id": 48, "img_name": "0037.jpg", "width": 1278, "height": 716, "position": [-3.1806624947470232, 0.6999693032694387, -0.5997969120361458], "rotation": [[0.34072289757782104, -0.26776708340575206, 0.9012262180554617], [0.2832796969305353, 0.9432749076778064, 0.1731619526696608], [-0.8964711486562841, 0.1962988476527634, 0.3972483379915887]], "fy": 1106.0112933100893, "fx": 1095.8044276560731}, {"id": 49, "img_name": "0038.jpg", "width": 1278, "height": 716, "position": [-3.308168223974291, 0.7273177563496045, -0.4213449469093478], "rotation": [[0.2933660931335453, -0.24285498700318772, 0.92463927598131], [0.26897674202155786, 0.9490921902304799, 0.16393756950430494], [-0.917380971925529, 0.20061273571533805, 0.34375381105928066]], "fy": 1106.0112933100893, "fx": 1095.8044276560731}, {"id": 50, "img_name": "0039.jpg", "width": 1278, "height": 716, "position": [-3.573333842887601, 0.705604757464958, -0.4405939797057098], "rotation": [[0.246773594449474, -0.23103731490430557, 0.9411294024757143], [0.2560636591803039, 0.9521933623708303, 0.16661093332709545], [-0.9346305128389931, 0.1998738596683954, 0.294136438904769]], "fy": 1106.0112933100893, "fx": 1095.8044276560731}, {"id": 51, "img_name": "0040.jpg", "width": 1278, "height": 716, "position": [-3.619825275152945, 0.7156795421753694, -0.4776559046131139], "rotation": [[0.201607232917637, -0.2361698502887651, 0.9505673702846504], [0.24264244126484852, 0.9522866280401864, 0.18513460981914276], [-0.9489358088576527, 0.19332351090965114, 0.24929270105086876]], "fy": 1106.0112933100893, "fx": 1095.8044276560731}, {"id": 52, "img_name": "0042.jpg", "width": 1278, "height": 716, "position": [-4.0166166529927505, 0.6126569342522288, -0.08961735858119939], "rotation": [[0.15310802926037267, -0.24857547496558796, 0.9564351335148855], [0.22881702414689462, 0.9504616488718917, 0.21039349677279542], [-0.9613535774295348, 0.1866357073803327, 0.20240161040386642]], "fy": 1106.0112933100893, "fx": 1095.8044276560731}, {"id": 53, "img_name": "0043.jpg", "width": 1278, "height": 716, "position": [-4.189635025122625, 0.6459314243720738, 0.09004774798649634], "rotation": [[0.14310248690806873, -0.26124321017901014, 0.9546065489907825], [0.22756503112060317, 0.9473759949040622, 0.2251507958915916], [-0.9631904457851547, 0.18501543020760136, 0.19502168016220994]], "fy": 1106.0112933100893, "fx": 1095.8044276560731}, {"id": 54, "img_name": "0044.jpg", "width": 1278, "height": 716, "position": [-4.356291187369672, 0.7644473832682795, 0.18767547865950232], "rotation": [[0.11728615415812334, -0.27309580892431085, 0.9548102624033599], [0.23019648959135283, 0.942736513241762, 0.24136578626761326], [-0.9660504822330015, 0.191485105814372, 0.1734356365590522]], "fy": 1106.0112933100893, "fx": 1095.8044276560731}, {"id": 55, "img_name": "0045.jpg", "width": 1278, "height": 716, "position": [-4.369986873316045, 0.7395947913364476, 0.45876419758910475], "rotation": [[0.05618032575090697, -0.28395809256112503, 0.9571894131610365], [0.22905020076574079, 0.9367998162942822, 0.26446570613252085], [-0.9717920438693124, 0.20438665773490836, 0.11767037695298513]], "fy": 1106.0112933100893, "fx": 1095.8044276560731}, {"id": 56, "img_name": "0046.jpg", "width": 1278, "height": 716, "position": [-4.31584154911874, 0.6375916546395461, 0.6795250711450109], "rotation": [[-0.01788666501932779, -0.29348872343651755, 0.9557951853980481], [0.23060203692382153, 0.9289642455635753, 0.289565417533037], [-0.9728837380597284, 0.22558767625936688, 0.051063025163304805]], "fy": 1106.0112933100893, "fx": 1095.8044276560731}, {"id": 57, "img_name": "0047.jpg", "width": 1278, "height": 716, "position": [-4.37970432856788, 0.575842932432244, 0.9774470803507966], "rotation": [[-0.11404426636120928, -0.30359985897308417, 0.945949803605697], [0.23748211809013042, 0.9162272900190924, 0.32269148828516564], [-0.9646741153869315, 0.2614472770097123, -0.03239093154955344]], "fy": 1106.0112933100893, "fx": 1095.8044276560731}, {"id": 58, "img_name": "0048.jpg", "width": 1278, "height": 716, "position": [-4.20106439941149, 0.3925748521568531, 1.1258480877583583], "rotation": [[-0.2010276264389298, -0.31241031860133633, 0.9284329196230285], [0.24193272682092967, 0.9025869139541514, 0.35609748447821243], [-0.9492399323149647, 0.2962037400002452, -0.1058626247008249]], "fy": 1106.0112933100893, "fx": 1095.8044276560731}, {"id": 59, "img_name": "0050.jpg", "width": 1278, "height": 716, "position": [-3.9712552601400573, 0.16006023906760392, 1.81722128030169], "rotation": [[-0.31619316719998986, -0.34813631995994243, 0.882509480822041], [0.22040437870378563, 0.877825892414809, 0.42525711334949184], [-0.9227371190454181, 0.32897234736508313, -0.20083177986780262]], "fy": 1106.0112933100893, "fx": 1095.8044276560731}, {"id": 60, "img_name": "0051.jpg", "width": 1278, "height": 716, "position": [-3.746949802977193, 0.04011653151456851, 2.230488079865042], "rotation": [[-0.37585443680698943, -0.3617854531095922, 0.8531381648073115], [0.18807712972509702, 0.8716981572905114, 0.4525144371737723], [-0.9073921068682873, 0.33053533622687603, -0.25958805037696975]], "fy": 1106.0112933100893, "fx": 1095.8044276560731}, {"id": 61, "img_name": "0052.jpg", "width": 1278, "height": 716, "position": [-3.439586787241427, -0.10698290161104056, 2.5382975837605195], "rotation": [[-0.43722323388152384, -0.3725638341937542, 0.8185548443476653], [0.1524108208135222, 0.8663005553462043, 0.47570399357773563], [-0.8863446200283107, 0.3327454541503259, -0.3219839705469244]], "fy": 1106.0112933100893, "fx": 1095.8044276560731}, {"id": 62, "img_name": "0053.jpg", "width": 1278, "height": 716, "position": [-3.262155929432634, -0.2060298414735273, 2.914767834127398], "rotation": [[-0.4934613087473474, -0.38422262700781207, 0.7803005252238205], [0.11708714120886504, 0.8596251164895304, 0.49732812152933453], [-0.8618506472312298, 0.3367753435089585, -0.37920420603090993]], "fy": 1106.0112933100893, "fx": 1095.8044276560731}, {"id": 63, "img_name": "0054.jpg", "width": 1278, "height": 716, "position": [-2.9743571420971726, -0.3510779899830188, 3.1753785722845786], "rotation": [[-0.5579659156457655, -0.39824590101426927, 0.7280619749052376], [0.08303993248727348, 0.846129976652285, 0.5264678833726829], [-0.8256987383968146, 0.3542093518468092, -0.4390413744445639]], "fy": 1106.0112933100893, "fx": 1095.8044276560731}, {"id": 64, "img_name": "0055.jpg", "width": 1278, "height": 716, "position": [-2.662278179833906, -0.3824835740247635, 3.3874865550954985], "rotation": [[-0.6185074123613932, -0.41239268756162645, 0.6688653467624944], [0.048383561377798624, 0.8296106954102338, 0.5562419662784795], [-0.7842879648715859, 0.37640186676828163, -0.49316733757512615]], "fy": 1106.0112933100893, "fx": 1095.8044276560731}, {"id": 65, "img_name": "0056.jpg", "width": 1278, "height": 716, "position": [-2.3476522599322314, -0.3719891383830613, 3.4385877461674954], "rotation": [[-0.6791921498030586, -0.42138693991277987, 0.6009418195772714], [0.011177180186600648, 0.8127326561102763, 0.5825295703524515], [-0.7338753942523042, 0.4023663462106128, -0.5472917221630029]], "fy": 1106.0112933100893, "fx": 1095.8044276560731}, {"id": 66, "img_name": "0058.jpg", "width": 1278, "height": 716, "position": [-1.8062332004278647, -0.5744764276719536, 3.9018700619947], "rotation": [[-0.7991472654116543, -0.3900235377528836, 0.4574333702123174], [-0.04498878393987805, 0.7976191689431434, 0.6014812305085339], [-0.599449462010506, 0.4600927094979598, -0.6549618623722607]], "fy": 1106.0112933100893, "fx": 1095.8044276560731}, {"id": 67, "img_name": "0059.jpg", "width": 1278, "height": 716, "position": [-1.53196686791094, -0.6526747315431473, 4.170914406975682], "rotation": [[-0.8573459934232743, -0.3518856681930606, 0.37567848498600653], [-0.06736671814300943, 0.8002684599562377, 0.595845716008693], [-0.5103132105361355, 0.4855377107080301, -0.7098123404342208]], "fy": 1106.0112933100893, "fx": 1095.8044276560731}, {"id": 68, "img_name": "0060.jpg", "width": 1278, "height": 716, "position": [-1.422649049605308, -0.7613831434286376, 4.366204169129188], "rotation": [[-0.9065953707977815, -0.31388133699170656, 0.28206974303588644], [-0.09271435491158188, 0.8002280486492606, 0.5924855429023782], [-0.41169027440706135, 0.510992736194259, -0.7545843501659325]], "fy": 1106.0112933100893, "fx": 1095.8044276560731}, {"id": 69, "img_name": "0061.jpg", "width": 1278, "height": 716, "position": [-1.1211120185215218, -0.7414608196019027, 4.4078598511105564], "rotation": [[-0.9334858694889765, -0.2948185876642647, 0.20417181938763482], [-0.120038571925082, 0.7933720941405384, 0.5967842671261059], [-0.3379273186864235, 0.5325811868689174, -0.7759912413672585]], "fy": 1106.0112933100893, "fx": 1095.8044276560731}, {"id": 70, "img_name": "0062.jpg", "width": 1278, "height": 716, "position": [-0.6614134998840314, -0.6174115535429406, 4.439295865018305], "rotation": [[-0.952652003258481, -0.28259418919523704, 0.11222604386099036], [-0.15942771278347168, 0.7785172951217211, 0.6070367580245778], [-0.2589149765545307, 0.5604028420961529, -0.7867094059983779]], "fy": 1106.0112933100893, "fx": 1095.8044276560731}, {"id": 71, "img_name": "0063.jpg", "width": 1278, "height": 716, "position": [-0.13823244187906683, -0.6251668453285552, 4.4319836042586145], "rotation": [[-0.9678290368808187, -0.2512396852726484, 0.0136226250938124], [-0.18975407492463991, 0.7643849643298577, 0.616205337007021], [-0.16522816472938306, 0.5937964692136042, -0.787467717896814]], "fy": 1106.0112933100893, "fx": 1095.8044276560731}, {"id": 72, "img_name": "0064.jpg", "width": 1278, "height": 716, "position": [0.07894418666258059, -0.621437173655556, 4.328254411777824], "rotation": [[-0.9755342208659693, -0.19238055700310136, -0.10640820084279894], [-0.21695658385800956, 0.7641928840681237, 0.6074035533813625], [-0.03553624403461088, 0.6156289119484396, -0.7872345381988087]], "fy": 1106.0112933100893, "fx": 1095.8044276560731}, {"id": 73, "img_name": "0066.jpg", "width": 1278, "height": 716, "position": [0.6925667946867771, -0.8333906694567809, 4.664492142444184], "rotation": [[-0.9502953467426568, -0.06131410785452436, -0.30525290193093596], [-0.23845573567790596, 0.7737232406056715, 0.5869337348193294], [0.20019394616611777, 0.6305497023428541, -0.7498862959101037]], "fy": 1106.0112933100893, "fx": 1095.8044276560731}, {"id": 74, "img_name": "0067.jpg", "width": 1278, "height": 716, "position": [0.9474921436883531, -0.7897936633703058, 4.4972224785904205], "rotation": [[-0.9221857575050773, -0.006190427971314372, -0.38669769491984], [-0.24664464202835534, 0.7795656655710181, 0.575711554184489], [0.29789234500653106, 0.6262899102367427, -0.7204311897205462]], "fy": 1106.0112933100893, "fx": 1095.8044276560731}, {"id": 75, "img_name": "0068.jpg", "width": 1278, "height": 716, "position": [1.2781241833171733, -0.7364864688014222, 4.194868612248395], "rotation": [[-0.9019963301177792, 0.009547999871203524, -0.43163810785485196], [-0.26443170424404155, 0.7780801620775001, 0.5697956959929086], [0.3412894581504813, 0.6280924271792416, -0.6993006568532874]], "fy": 1106.0112933100893, "fx": 1095.8044276560731}, {"id": 76, "img_name": "0069.jpg", "width": 1278, "height": 716, "position": [1.5637633056227302, -0.601652554151848, 3.9848660797944517], "rotation": [[-0.8819598879960774, 0.018728573117661167, -0.47095222317653673], [-0.2883425985955577, 0.768970360147843, 0.5705638711391192], [0.37283414784741353, 0.6390100357295437, -0.6728007672675618]], "fy": 1106.0112933100893, "fx": 1095.8044276560731}, {"id": 77, "img_name": "0070.jpg", "width": 1278, "height": 716, "position": [1.9260738352997795, -0.4924076800800761, 3.7687819420796846], "rotation": [[-0.8503621909763635, 0.04091362510867614, -0.5246048221645935], [-0.3152959401843058, 0.7585602378299584, 0.5702410329734713], [0.4212749865125779, 0.6503171848135522, -0.6321510459336465]], "fy": 1106.0112933100893, "fx": 1095.8044276560731}, {"id": 78, "img_name": "0071.jpg", "width": 1278, "height": 716, "position": [2.219151199474414, -0.5362572548108534, 3.67097419892425], "rotation": [[-0.7806288548103494, 0.10251358306858525, -0.6165302558057659], [-0.33057766679923567, 0.7694477873921489, 0.5465057261281898], [0.5304121013429618, 0.6304292726101531, -0.5667644440022478]], "fy": 1106.0112933100893, "fx": 1095.8044276560731}, {"id": 79, "img_name": "0072.jpg", "width": 1278, "height": 716, "position": [2.4858987414149447, -0.5255050195262099, 3.4622275236066087], "rotation": [[-0.7072841553656541, 0.16196946106643098, -0.6881242745685856], [-0.33268739782833223, 0.7826079994149676, 0.5261594953794098], [0.6237533317705849, 0.6010745485657766, -0.4996410393187713]], "fy": 1106.0112933100893, "fx": 1095.8044276560731}, {"id": 80, "img_name": "0074.jpg", "width": 1278, "height": 716, "position": [2.942638864134744, -0.23947671685186053, 3.074290932197278], "rotation": [[-0.5950348523851172, 0.2233064751550569, -0.7720542355306684], [-0.35041775387387314, 0.7924241091061965, 0.4992708974867654], [0.7232848140373269, 0.5676250958696898, -0.3932694093390867]], "fy": 1106.0112933100893, "fx": 1095.8044276560731}, {"id": 81, "img_name": "0075.jpg", "width": 1278, "height": 716, "position": [3.17481145056314, -0.12210051109713504, 2.8401110534588065], "rotation": [[-0.5340370839344871, 0.23346398058164083, -0.8125878184871612], [-0.371179114901535, 0.7987977829208682, 0.473442886377669], [0.7596252086678414, 0.5544516856964911, -0.33993068497071127]], "fy": 1106.0112933100893, "fx": 1095.8044276560731}, {"id": 82, "img_name": "0076.jpg", "width": 1278, "height": 716, "position": [3.347625489563198, -0.054244862256367085, 2.57714146942476], "rotation": [[-0.46899611562184884, 0.25328096950706935, -0.8461036544166302], [-0.3931415524619762, 0.7979837174879623, 0.4567950375736138], [0.7908744295141956, 0.5468736024984667, -0.2746759902702534]], "fy": 1106.0112933100893, "fx": 1095.8044276560731}, {"id": 83, "img_name": "0077.jpg", "width": 1278, "height": 716, "position": [3.4558058776474017, 0.09506382696294931, 2.175524907136803], "rotation": [[-0.4213312093067221, 0.26784761458991574, -0.8664511915985958], [-0.404261135862144, 0.7997533693699975, 0.4438101871439922], [0.8118207598328487, 0.5372636257367776, -0.22868067335170147]], "fy": 1106.0112933100893, "fx": 1095.8044276560731}, {"id": 84, "img_name": "0078.jpg", "width": 1278, "height": 716, "position": [3.496620318187376, 0.16161642808695478, 1.9731235516331347], "rotation": [[-0.35144212207340475, 0.28594718437352995, -0.891472177121301], [-0.4058965731151159, 0.811528868759055, 0.4203199580130044], [0.8436447159592403, 0.5095636397149024, -0.1691404455313798]], "fy": 1106.0112933100893, "fx": 1095.8044276560731}, {"id": 85, "img_name": "0079.jpg", "width": 1278, "height": 716, "position": [3.6507155448075617, 0.14462628852513426, 1.7787751187272456], "rotation": [[-0.2690413221379359, 0.30232904225177115, -0.9144473288240266], [-0.39824179005846294, 0.8295678146586534, 0.3914341803336764], [0.8769379930378783, 0.46948311055201203, -0.10278796268583623]], "fy": 1106.0112933100893, "fx": 1095.8044276560731}, {"id": 86, "img_name": "0080.jpg", "width": 1278, "height": 716, "position": [3.748785674269566, 0.35769790909661553, 1.334941248780555], "rotation": [[-0.19592054688474753, 0.31641767224488776, -0.9281675473746689], [-0.39183820187987767, 0.8424035331689348, 0.36989067418906296], [0.8989315673931613, 0.43616068598123564, -0.041059629180647955]], "fy": 1106.0112933100893, "fx": 1095.8044276560731}, {"id": 87, "img_name": "0082.jpg", "width": 1278, "height": 716, "position": [3.644370990061068, 0.48050268647320926, 0.7062673811621133], "rotation": [[-0.019944955942552526, 0.36086484849978967, -0.932404826161723], [-0.39253352027997557, 0.8548810447412952, 0.3392577704322209], [0.9195214158403594, 0.3727666300237393, 0.12460098455343421]], "fy": 1106.0112933100893, "fx": 1095.8044276560731}, {"id": 88, "img_name": "0083.jpg", "width": 1278, "height": 716, "position": [3.483693500374228, 0.6480683397796881, 0.25317433021797214], "rotation": [[0.08146150040596387, 0.378519256777931, -0.9220017332954921], [-0.3886361468784229, 0.8639140950051849, 0.3203347964097331], [0.9177831820703091, 0.3322282478954115, 0.21748200387444222]], "fy": 1106.0112933100893, "fx": 1095.8044276560731}, {"id": 89, "img_name": "0084.jpg", "width": 1278, "height": 716, "position": [3.4388727917406134, 0.6619323814297887, -0.033819534117531164], "rotation": [[0.2137421970739763, 0.3831848624729046, -0.8986009316496453], [-0.3708592033270629, 0.8828242491585363, 0.288244334558865], [0.903757558473292, 0.27164444825780587, 0.3308044274690205]], "fy": 1106.0112933100893, "fx": 1095.8044276560731}, {"id": 90, "img_name": "0085.jpg", "width": 1278, "height": 716, "position": [3.4675531330727267, 0.7014935760553876, -0.4012391081523359], "rotation": [[0.36143813163886446, 0.36635721036023644, -0.857405896535866], [-0.3320617181809452, 0.9098567212934859, 0.24878858903853782], [0.8712620112894429, 0.19478999238701508, 0.45051011814357866]], "fy": 1106.0112933100893, "fx": 1095.8044276560731}, {"id": 91, "img_name": "0086.jpg", "width": 1278, "height": 716, "position": [3.479562397068157, 0.6318271675808056, -0.8021090750650343], "rotation": [[0.4697344865599436, 0.35134067909738637, -0.8098822379504648], [-0.3045337990913682, 0.92557025646217, 0.22489745566264452], [0.8286185354837555, 0.14099442387534455, 0.5417673809752812]], "fy": 1106.0112933100893, "fx": 1095.8044276560731}, {"id": 92, "img_name": "0087.jpg", "width": 1278, "height": 716, "position": [3.0970475105828315, 0.7470339665713023, -1.082842097082755], "rotation": [[0.5398113325662516, 0.3490051449730785, -0.7660281548450867], [-0.28524726599794614, 0.9320037094975125, 0.2236136908231992], [0.7919834104788714, 0.09779823242368335, 0.6026589278033294]], "fy": 1106.0112933100893, "fx": 1095.8044276560731}, {"id": 93, "img_name": "0088.jpg", "width": 1278, "height": 716, "position": [2.883771385170084, 0.7693513481675958, -1.2352539753794494], "rotation": [[0.6011332864140074, 0.3516870993451317, -0.7176036204753304], [-0.2665941012100116, 0.9347724314884447, 0.2347937105827303], [0.7533700001759565, 0.050166577353735045, 0.6556805299469329]], "fy": 1106.0112933100893, "fx": 1095.8044276560731}, {"id": 94, "img_name": "0090.jpg", "width": 1278, "height": 716, "position": [2.534222982811245, 0.8498567409450727, -1.807934145940071], "rotation": [[0.7543726374294341, 0.2924232413054279, -0.5877164042650053], [-0.2004754248136264, 0.9551543057219296, 0.21792167470596982], [0.625085216545357, -0.04657145268601765, 0.7791659462856151]], "fy": 1106.0112933100893, "fx": 1095.8044276560731}, {"id": 95, "img_name": "0091.jpg", "width": 1278, "height": 716, "position": [2.2639316419859448, 0.8723110611386167, -2.076085946732408], "rotation": [[0.8422693565074058, 0.22356363929681805, -0.4905116005488177], [-0.13559086766585887, 0.9685525436563699, 0.2086170817128725], [0.5217254524117261, -0.10920288165217057, 0.8460953155198542]], "fy": 1106.0112933100893, "fx": 1095.8044276560731}, {"id": 96, "img_name": "0092.jpg", "width": 1278, "height": 716, "position": [2.0002693256072654, 0.7996420718381526, -2.0579713694037705], "rotation": [[0.8909266982935719, 0.184331371417958, -0.4150560971469876], [-0.1005948160184432, 0.9713205616437309, 0.2154461638514886], [0.44286600824394995, -0.15019424769038828, 0.8839182013641237]], "fy": 1106.0112933100893, "fx": 1095.8044276560731}, {"id": 97, "img_name": "0093.jpg", "width": 1278, "height": 716, "position": [1.6605824760103278, 0.8077803015244346, -2.2199344157140404], "rotation": [[0.9126468455659862, 0.18499475340719748, -0.3644896109497019], [-0.10633898473475005, 0.9684733058096017, 0.225280883032281], [0.39467423985362593, -0.16684243209097585, 0.9035462618205724]], "fy": 1106.0112933100893, "fx": 1095.8044276560731}, {"id": 98, "img_name": "0094.jpg", "width": 1278, "height": 716, "position": [1.3257361907633156, 0.7409419947221458, -2.25360874706287], "rotation": [[0.9269008558591268, 0.19864246139794, -0.3184273479734207], [-0.11098375189637315, 0.9555760206207965, 0.2730514157251842], [0.35852114334111773, -0.21775132914471731, 0.9077703170037488]], "fy": 1106.0112933100893, "fx": 1095.8044276560731}, {"id": 99, "img_name": "0095.jpg", "width": 1278, "height": 716, "position": [1.0628813800409904, 0.23709962073681468, -2.279830570179969], "rotation": [[0.9467286008112479, 0.221950198119675, -0.23333037942071286], [-0.12214011437881564, 0.9178981347174207, 0.37755106507836755], [0.2979710537376184, -0.328939392345941, 0.8961094393530159]], "fy": 1106.0112933100893, "fx": 1095.8044276560731}, {"id": 100, "img_name": "0096.jpg", "width": 1278, "height": 716, "position": [0.7052020881616704, -0.39870840728399