{"default_fov": 75.0, "default_transition_sec": 2.0, "keyframes": [{"matrix": [-0.78890627907151, -0.4013223573436378, 0.46536786345609504, 0.4759120284445362, 0.6145135334893327, -0.5152135964238647, 0.5974345714958603, 0.6109710642069544, -1.3877787807814457e-16, 0.7572947349322673, 0.6530732611613088, 0.6678703985572683, 0.0, 0.0, 0.0, 1.0], "fov": 75.0, "aspect": 1.7777777777777777, "override_transition_enabled": false, "override_transition_sec": null}, {"matrix": [-0.7889062790715093, -0.40132235734363797, 0.46536786345609504, 0.44750202806543965, 0.6145135334893328, -0.5152135964238642, 0.5974345714958601, 0.5744985921358696, -2.498001805406602e-16, 0.7572947349322671, 0.653073261161309, 0.628001269091862, 0.0, 0.0, 0.0, 1.0], "fov": 75.0, "aspect": 1.7777777777777777, "override_transition_enabled": false, "override_transition_sec": null}, {"matrix": [-0.7889062790715098, -0.40132235734363786, 0.46536786345609504, 0.5724290987284453, 0.6145135334893327, -0.5152135964238647, 0.5974345714958602, 0.7348787059999791, -8.326672684688674e-17, 0.7572947349322672, 0.653073261161309, 0.8033174777344374, 0.0, 0.0, 0.0, 1.0], "fov": 75.0, "aspect": 1.7777777777777777, "override_transition_enabled": false, "override_transition_sec": null}, {"matrix": [-0.8621633705556339, -0.1627372192994506, 0.47978215882505676, 0.43382146760441564, 0.5066303607879707, -0.27693971851162913, 0.8164741697313826, 0.7382600958763851, 5.551115123125783e-17, 0.9470063303723912, 0.32121489728002606, 0.29044414343309044, 0.0, 0.0, 0.0, 1.0], "fov": 75.0, "aspect": 1.7777777777777777, "override_transition_enabled": false, "override_transition_sec": null}, {"matrix": [-0.9974736446944972, -0.02647840609859371, 0.06591829905537255, 0.05960366118702598, 0.07103751220218493, -0.3717966947053769, 0.9255921832352956, 0.8369251585295523, -2.0816681711721685e-17, 0.9279364804859407, 0.37273836424946316, 0.3370319242532167, 0.0, 0.0, 0.0, 1.0], "fov": 75.0, "aspect": 1.7777777777777777, "override_transition_enabled": false, "override_transition_sec": null}, {"matrix": [-0.8939882355814188, 0.12927874568236294, -0.4290361762798285, -0.3879366921540095, -0.4480904313216486, -0.2579248956731085, 0.8559729630952105, 0.7739751056792975, 1.1102230246251565e-16, 0.9574767642647056, 0.2885103913088559, 0.26087256283819, 0.0, 0.0, 0.0, 1.0], "fov": 75.0, "aspect": 1.7777777777777777, "override_transition_enabled": false, "override_transition_sec": null}, {"matrix": [-0.43209413653937423, 0.19426992187867526, -0.8806553551881385, -0.7962930501146718, -0.9018285076267512, -0.09308077249702573, 0.4219494195079124, 0.38152881064612465, 1.1102230246251565e-16, 0.9765219747883868, 0.21541780974513114, 0.1947818789273432, 0.0, 0.0, 0.0, 1.0], "fov": 75.0, "aspect": 1.7777777777777777, "override_transition_enabled": false, "override_transition_sec": null}, {"matrix": [0.06825405103849658, 0.24159651019717043, -0.9679734039617941, -0.8752464738103489, -0.9976679730836477, 0.01652848541058438, -0.06622253886100854, -0.05987875636627952, -1.1102230246251565e-16, 0.9702360204767604, 0.242161236719297, 0.21896342158227639, 0.0, 0.0, 0.0, 1.0], "fov": 75.0, "aspect": 1.7777777777777777, "override_transition_enabled": false, "override_transition_sec": null}, {"matrix": [0.6284693256713277, 0.16233851209312922, -0.7607052741907444, -0.6878335769550368, -0.7778343697023337, 0.1311651672896623, -0.6146294755376188, -0.5557510970471229, 1.1102230246251565e-16, 0.9779784795082477, 0.2087057584704747, 0.18871280803538223, 0.0, 0.0, 0.0, 1.0], "fov": 75.0, "aspect": 1.7777777777777777, "override_transition_enabled": false, "override_transition_sec": null}, {"matrix": [0.9732411336694867, 0.04795770225936552, -0.2247259542815079, -0.20319835054715893, -0.22978619569881115, 0.20312102897715534, -0.9518088841009678, -0.8606304327588902, -5.551115123125783e-17, 0.9779784795082476, 0.2087057584704752, 0.18871280803538276, 0.0, 0.0, 0.0, 1.0], "fov": 75.0, "aspect": 1.7777777777777777, "override_transition_enabled": false, "override_transition_sec": null}, {"matrix": [0.9691787155680707, -0.026365772846433738, 0.24494379623096182, 0.221479426041474, 0.24635871669138212, 0.10372332753412228, -0.9636123982366684, -0.8713032302588625, 0.0, 0.9942566657294578, 0.10702187931699085, 0.09676972746293558, 0.0, 0.0, 0.0, 1.0], "fov": 75.0, "aspect": 1.7777777777777777, "override_transition_enabled": false, "override_transition_sec": null}, {"matrix": [0.5765030533474195, -0.07627953730753317, 0.8135266815964004, 0.7355949621173556, 0.8170949941598604, 0.05381918440332201, -0.573985423080638, -0.5190005381487718, 2.7755575615628914e-16, 0.9956329281307998, 0.09335455222799854, 0.08441166081348797, 0.0, 0.0, 0.0, 1.0], "fov": 75.0, "aspect": 1.7777777777777777, "override_transition_enabled": false, "override_transition_sec": null}, {"matrix": [0.2411547360486046, -0.0507149283557396, 0.9691606622862898, 0.8763199988243253, 0.970486678569741, 0.012602074228753812, -0.24082523631007835, -0.21775540321897072, -2.220446049250313e-16, 0.9986336584388716, 0.05225721225816421, 0.04725123704113876, 0.0, 0.0, 0.0, 1.0], "fov": 75.0, "aspect": 1.7777777777777777, "override_transition_enabled": false, "override_transition_sec": null}, {"matrix": [-0.1880200955492578, -0.10511316351941513, 0.9765242785126176, 0.8829782180586634, 0.9821651814586219, -0.020122263975041466, 0.18694023329093934, 0.1690323094947726, -2.7755575615628914e-16, 0.994256665729458, 0.10702187931699103, 0.09676972746293543, 0.0, 0.0, 0.0, 1.0], "fov": 75.0, "aspect": 1.7777777777777777, "override_transition_enabled": false, "override_transition_sec": null}, {"matrix": [-0.3722737378459373, -0.10566506665023662, 0.9220884761236394, 0.8337570887435538, 0.9281229789797334, -0.04238266933641188, 0.3698532752723787, 0.33442321213004594, -1.1102230246251565e-16, 0.9934981645829657, 0.113848131167264, 0.10294205909605633, 0.0, 0.0, 0.0, 1.0], "fov": 75.0, "aspect": 1.7777777777777777, "override_transition_enabled": false, "override_transition_sec": null}, {"matrix": [-0.67832185997262, -0.15334966518549603, 0.7185842570435157, 0.6497475390736983, 0.7347648972857135, -0.14156967827268896, 0.6633841812332293, 0.5998353498448667, -2.220446049250313e-16, 0.9779784795082473, 0.20870575847047546, 0.18871280803538254, 0.0, 0.0, 0.0, 1.0], "fov": 75.0, "aspect": 1.7777777777777777, "override_transition_enabled": false, "override_transition_sec": null}], "camera_type": "perspective", "render_height": 1080.0, "render_width": 1920.0, "fps": 30.0, "seconds": 30.0, "is_cycle": false, "smoothness_value": 0.0, "camera_path": [{"camera_to_world": [-0.78890627907151, -0.40132235734363797, 0.465367863456095, 0.4759120284445362, 0.6145135334893328, -0.5152135964238647, 0.5974345714958603, 0.6109710642069544, -2.7755575615628914e-16, 0.7572947349322673, 0.6530732611613088, 0.6678703985572683, 0.0, 0.0, 0.0, 1.0], "fov": 75.0, "aspect": 1.7777777777777777}, {"camera_to_world": [-0.78890627907151, -0.40132235734363797, 0.465367863456095, 0.47479980144900436, 0.6145135334893328, -0.5152135964238647, 0.5974345714958603, 0.6095431984030142, -2.7755575615628914e-16, 0.7572947349322673, 0.6530732611613088, 0.6663095565478325, 0.0, 0.0, 0.0, 1.0], "fov": 75.0, "aspect": 1.7777777777777777}, {"camera_to_world": [-0.78890627907151, -0.40132235734363797, 0.465367863456095, 0.4736886392942436, 0.6145135334893328, -0.5152135964238647, 0.5974345714958603, 0.6081166996309206, -2.7755575615628914e-16, 0.7572947349322673, 0.6530732611613088, 0.6647502088810227, 0.0, 0.0, 0.0, 1.0], "fov": 75.0, "aspect": 1.7777777777777777}, {"camera_to_world": [-0.78890627907151, -0.40132235734363797, 0.465367863456095, 0.4725796068210252, 0.6145135334893328, -0.5152135964238647, 0.5974345714958603, 0.6066929349225207, -2.7755575615628914e-16, 0.7572947349322673, 0.6530732611613088, 0.6631938498994641, 0.0, 0.0, 0.0, 1.0], "fov": 75.0, "aspect": 1.7777777777777777}, {"camera_to_world": [-0.78890627907151, -0.40132235734363797, 0.465367863456095, 0.47147376887012005, 0.6145135334893328, -0.5152135964238647, 0.5974345714958603, 0.6052732713096611, -2.7755575615628914e-16, 0.7572947349322673, 0.6530732611613088, 0.6616419739457828, 0.0, 0.0, 0.0, 1.0], "fov": 75.0, "aspect": 1.7777777777777777}, {"camera_to_world": [-0.78890627907151, -0.40132235734363797, 0.465367863456095, 0.4703721902822995, 0.6145135334893328, -0.5152135964238647, 0.5974345714958603, 0.6038590758241884, -2.7755575615628914e-16, 0.7572947349322673, 0.6530732611613088, 0.6600960753626046, 0.0, 0.0, 0.0, 1.0], "fov": 75.0, "aspect": 1.7777777777777777}, {"camera_to_world": [-0.78890627907151, -0.40132235734363797, 0.465367863456095, 0.4692759358983345, 0.6145135334893328, -0.5152135964238647, 0.5974345714958603, 0.6024517154979498, -2.7755575615628914e-16, 0.7572947349322673, 0.6530732611613088, 0.658557648492555, 0.0, 0.0, 0.0, 1.0], "fov": 75.0, "aspect": 1.7777777777777777}, {"camera_to_world": [-0.78890627907151, -0.40132235734363797, 0.465367863456095, 0.4681860705589963, 0.6145135334893328, -0.5152135964238647, 0.5974345714958603, 0.6010525573627918, -2.7755575615628914e-16, 0.7572947349322673, 0.6530732611613088, 0.6570281876782601, 0.0, 0.0, 0.0, 1.0], "fov": 75.0, "aspect": 1.7777777777777777}, {"camera_to_world": [-0.78890627907151, -0.40132235734363797, 0.465367863456095, 0.46710365910505597, 0.6145135334893328, -0.5152135964238647, 0.5974345714958603, 0.5996629684505612, -2.7755575615628914e-16, 0.7572947349322673, 0.6530732611613088, 0.6555091872623453, 0.0, 0.0, 0.0, 1.0], "fov": 75.0, "aspect": 1.7777777777777777}, {"camera_to_world": [-0.78890627907151, -0.40132235734363797, 0.465367863456095, 0.46602976637728466, 0.6145135334893328, -0.5152135964238647, 0.5974345714958603, 0.5982843157931047, -2.7755575615628914e-16, 0.7572947349322673, 0.6530732611613088, 0.6540021415874366, 0.0, 0.0, 0.0, 1.0], "fov": 75.0, "aspect": 1.7777777777777777}, {"camera_to_world": [-0.78890627907151, -0.40132235734363797, 0.465367863456095, 0.46496545721645344, 0.6145135334893328, -0.5152135964238647, 0.5974345714958603, 0.5969179664222692, -2.7755575615628914e-16, 0.7572947349322673, 0.6530732611613088, 0.6525085449961596, 0.0, 0.0, 0.0, 1.0], "fov": 75.0, "aspect": 1.7777777777777777}, {"camera_to_world": [-0.78890627907151, -0.40132235734363797, 0.465367863456095, 0.46391179646333347, 0.6145135334893328, -0.5152135964238647, 0.5974345714958603, 0.5955652873699014, -2.7755575615628914e-16, 0.7572947349322673, 0.6530732611613088, 0.6510298918311401, 0.0, 0.0, 0.0, 1.0], "fov": 75.0, "aspect": 1.7777777777777777}, {"camera_to_world": [-0.78890627907151, -0.40132235734363797, 0.465367863456095, 0.46286984895869604, 0.6145135334893328, -0.5152135964238647, 0.5974345714958603, 0.594227645667848, -2.7755575615628914e-16, 0.7572947349322673, 0.6530732611613088, 0.6495676764350039, 0.0, 0.0, 0.0, 1.0], "fov": 75.0, "aspect": 1.7777777777777777}, {"camera_to_world": [-0.78890627907151, -0.40132235734363797, 0.465367863456095, 0.46184067954331187, 0.6145135334893328, -0.5152135964238647, 0.5974345714958603, 0.592906408347956, -2.7755575615628914e-16, 0.7572947349322673, 0.6530732611613088, 0.6481233931503766, 0.0, 0.0, 0.0, 1.0], "fov": 75.0, "aspect": 1.7777777777777777}, {"camera_to_world": [-0.78890627907151, -0.40132235734363797, 0.465367863456095, 0.46082535305795247, 0.6145135334893328, -0.5152135964238647, 0.5974345714958603, 0.5916029424420721, -2.7755575615628914e-16, 0.7572947349322673, 0.6530732611613088, 0.646698536319884, 0.0, 0.0, 0.0, 1.0], "fov": 75.0, "aspect": 1.7777777777777777}, {"camera_to_world": [-0.78890627907151, -0.40132235734363797, 0.465367863456095, 0.45982493434338884, 0.6145135334893328, -0.5152135964238647, 0.5974345714958603, 0.5903186149820429, -2.7755575615628914e-16, 0.7572947349322673, 0.6530732611613088, 0.6452946002861522, 0.0, 0.0, 0.0, 1.0], "fov": 75.0, "aspect": 1.7777777777777777}, {"camera_to_world": [-0.78890627907151, -0.40132235734363797, 0.465367863456095, 0.45884048824039214, 0.6145135334893328, -0.5152135964238647, 0.5974345714958603, 0.5890547929997153, -2.7755575615628914e-16, 0.7572947349322673, 0.6530732611613088, 0.6439130793918064, 0.0, 0.0, 0.0, 1.0], "fov": 75.0, "aspect": 1.7777777777777777}, {"camera_to_world": [-0.78890627907151, -0.40132235734363797, 0.465367863456095, 0.45787307958973333, 0.6145135334893328, -0.5152135964238647, 0.5974345714958603, 0.5878128435269361, -2.7755575615628914e-16, 0.7572947349322673, 0.6530732611613088, 0.6425554679794726, 0.0, 0.0, 0.0, 1.0], "fov": 75.0, "aspect": 1.7777777777777777}, {"camera_to_world": [-0.78890627907151, -0.40132235734363797, 0.465367863456095, 0.4569237732321837, 0.6145135334893328, -0.5152135964238647, 0.5974345714958603, 0.586594133595552, -2.7755575615628914e-16, 0.7572947349322673, 0.6530732611613088, 0.6412232603917766, 0.0, 0.0, 0.0, 1.0], "fov": 75.0, "aspect": 1.7777777777777777}, {"camera_to_world": [-0.78890627907151, -0.40132235734363797, 0.465367863456095, 0.45599363400851445, 0.6145135334893328, -0.5152135964238647, 0.5974345714958603, 0.5854000302374097, -2.7755575615628914e-16, 0.7572947349322673, 0.6530732611613088, 0.6399179509713442, 0.0, 0.0, 0.0, 1.0], "fov": 75.0, "aspect": 1.7777777777777777}, {"camera_to_world": [-0.78890627907151, -0.40132235734363797, 0.465367863456095, 0.45508372675949643, 0.6145135334893328, -0.5152135964238647, 0.5974345714958603, 0.5842319004843561, -2.7755575615628914e-16, 0.7572947349322673, 0.6530732611613088, 0.6386410340608009, 0.0, 0.0, 0.0, 1.0], "fov": 75.0, "aspect": 1.7777777777777777}, {"camera_to_world": [-0.78890627907151, -0.40132235734363797, 0.465367863456095, 0.454195116325901, 0.6145135334893328, -0.5152135964238647, 0.5974345714958603, 0.5830911113682381, -2.7755575615628914e-16, 0.7572947349322673, 0.6530732611613088, 0.6373940040027726, 0.0, 0.0, 0.0, 1.0], "fov": 75.0, "aspect": 1.7777777777777777}, {"camera_to_world": [-0.78890627907151, -0.40132235734363797, 0.465367863456095, 0.4533288675484992, 0.6145135334893328, -0.5152135964238647, 0.5974345714958603, 0.5819790299209021, -2.7755575615628914e-16, 0.7572947349322673, 0.6530732611613088, 0.6361783551398851, 0.0, 0.0, 0.0, 1.0], "fov": 75.0, "aspect": 1.7777777777777777}, {"camera_to_world": [-0.78890627907151, -0.40132235734363797, 0.465367863456095, 0.45248604526806213, 0.6145135334893328, -0.5152135964238647, 0.5974345714958603, 0.5808970231741953, -2.7755575615628914e-16, 0.7572947349322673, 0.6530732611613088, 0.6349955818147641, 0.0, 0.0, 0.0, 1.0], "fov": 75.0, "aspect": 1.7777777777777777}, {"camera_to_world": [-0.78890627907151, -0.40132235734363797, 0.465367863456095, 0.45166771432536096, 0.6145135334893328, -0.5152135964238647, 0.5974345714958603, 0.5798464581599642, -2.7755575615628914e-16, 0.7572947349322673, 0.6530732611613088, 0.6338471783700352, 0.0, 0.0, 0.0, 1.0], "fov": 75.0, "aspect": 1.7777777777777777}, {"camera_to_world": [-0.78890627907151, -0.40132235734363797, 0.465367863456095, 0.45087493956116687, 0.6145135334893328, -0.5152135964238647, 0.5974345714958603, 0.5788287019100555, -2.7755575615628914e-16, 0.7572947349322673, 0.6530732611613088, 0.6327346391483245, 0.0, 0.0, 0.0, 1.0], "fov": 75.0, "aspect": 1.7777777777777777}, {"camera_to_world": [-0.78890627907151, -0.40132235734363797, 0.465367863456095, 0.4501087858162508, 0.6145135334893328, -0.5152135964238647, 0.5974345714958603, 0.5778451214563163, -2.7755575615628914e-16, 0.7572947349322673, 0.6530732611613088, 0.6316594584922575, 0.0, 0.0, 0.0, 1.0], "fov": 75.0, "aspect": 1.7777777777777777}, {"camera_to_world": [-0.78890627907151, -0.40132235734363797, 0.465367863456095, 0.4493703179313842, 0.6145135334893328, -0.5152135964238647, 0.5974345714958603, 0.576897083830593, -2.7755575615628914e-16, 0.7572947349322673, 0.6530732611613088, 0.6306231307444599, 0.0, 0.0, 0.0, 1.0], "fov": 75.0, "aspect": 1.7777777777777777}, {"camera_to_world": [-0.78890627907151, -0.40132235734363797, 0.465367863456095, 0.44866060074733777, 0.6145135334893328, -0.5152135964238647, 0.5974345714958603, 0.5759859560647326, -2.7755575615628914e-16, 0.7572947349322673, 0.6530732611613088, 0.6296271502475578, 0.0, 0.0, 0.0, 1.0], "fov": 75.0, "aspect": 1.7777777777777777}, {"camera_to_world": [-0.78890627907151, -0.40132235734363797, 0.465367863456095, 0.447980699104883, 0.6145135334893328, -0.5152135964238647, 0.5974345714958603, 0.5751131051905818, -2.7755575615628914e-16, 0.7572947349322673, 0.6530732611613088, 0.6286730113441764, 0.0, 0.0, 0.0, 1.0], "fov": 75.0, "aspect": 1.7777777777777777}, {"camera_to_world": [-0.78890627907151, -0.40132235734363797, 0.465367863456095, 0.44733167784479083, 0.6145135334893328, -0.5152135964238647, 0.5974345714958603, 0.5742798982399876, -2.7755575615628914e-16, 0.7572947349322673, 0.6530732611613088, 0.6277622083769419, 0.0, 0.0, 0.0, 1.0], "fov": 75.0, "aspect": 1.7777777777777777}, {"camera_to_world": [-0.78890627907151, -0.40132235734363797, 0.465367863456095, 0.4467146018078325, 0.6145135334893328, -0.5152135964238647, 0.5974345714958603, 0.5734877022447964, -2.7755575615628914e-16, 0.7572947349322673, 0.6530732611613088, 0.6268962356884797, 0.0, 0.0, 0.0, 1.0], "fov": 75.0, "aspect": 1.7777777777777777}, {"camera_to_world": [-0.78890627907151, -0.40132235734363797, 0.465367863456095, 0.4461305358347789, 0.6145135334893328, -0.5152135964238647, 0.5974345714958603, 0.5727378842368551, -2.7755575615628914e-16, 0.7572947349322673, 0.6530732611613088, 0.626076587621416, 0.0, 0.0, 0.0, 1.0], "fov": 75.0, "aspect": 1.7777777777777777}, {"camera_to_world": [-0.78890627907151, -0.40132235734363797, 0.465367863456095, 0.4455805447664015, 0.6145135334893328, -0.5152135964238647, 0.5974345714958603, 0.5720318112480105, -2.7755575615628914e-16, 0.7572947349322673, 0.6530732611613088, 0.6253047585183762, 0.0, 0.0, 0.0, 1.0], "fov": 75.0, "aspect": 1.7777777777777777}, {"camera_to_world": [-0.78890627907151, -0.40132235734363797, 0.465367863456095, 0.44506569344347124, 0.6145135334893328, -0.5152135964238647, 0.5974345714958603, 0.5713708503101095, -2.7755575615628914e-16, 0.7572947349322673, 0.6530732611613088, 0.624582242721986, 0.0, 0.0, 0.0, 1.0], "fov": 75.0, "aspect": 1.7777777777777777}, {"camera_to_world": [-0.78890627907151, -0.40132235734363797, 0.465367863456095, 0.4445870467067591, 0.6145135334893328, -0.5152135964238647, 0.5974345714958603, 0.5707563684549986, -2.7755575615628914e-16, 0.7572947349322673, 0.6530732611613088, 0.6239105345748717, 0.0, 0.0, 0.0, 1.0], "fov": 75.0, "aspect": 1.7777777777777777}, {"camera_to_world": [-0.78890627907151, -0.40132235734363797, 0.465367863456095, 0.4441456693970364, 0.6145135334893328, -0.5152135964238647, 0.5974345714958603, 0.5701897327145249, -2.7755575615628914e-16, 0.7572947349322673, 0.6530732611613088, 0.6232911284196583, 0.0, 0.0, 0.0, 1.0], "fov": 75.0, "aspect": 1.7777777777777777}, {"camera_to_world": [-0.78890627907151, -0.40132235734363797, 0.465367863456095, 0.44374262635507433, 0.6145135334893328, -0.5152135964238647, 0.5974345714958603, 0.5696723101205349, -2.7755575615628914e-16, 0.7572947349322673, 0.6530732611613088, 0.622725518598972, 0.0, 0.0, 0.0, 1.0], "fov": 75.0, "aspect": 1.7777777777777777}, {"camera_to_world": [-0.78890627907151, -0.40132235734363797, 0.465367863456095, 0.4433789824216439, 0.6145135334893328, -0.5152135964238647, 0.5974345714958603, 0.5692054677048753, -2.7755575615628914e-16, 0.7572947349322673, 0.6530732611613088, 0.6222151994554384, 0.0, 0.0, 0.0, 1.0], "fov": 75.0, "aspect": 1.7777777777777777}, {"camera_to_world": [-0.78890627907151, -0.40132235734363797, 0.465367863456095, 0.4430558024375162, 0.6145135334893328, -0.5152135964238647, 0.5974345714958603, 0.5687905724993934, -2.7755575615628914e-16, 0.7572947349322673, 0.6530732611613088, 0.6217616653316833, 0.0, 0.0, 0.0, 1.0], "fov": 75.0, "aspect": 1.7777777777777777}, {"camera_to_world": [-0.78890627907151, -0.40132235734363797, 0.465367863456095, 0.44277415124346237, 0.6145135334893328, -0.5152135964238647, 0.5974345714958603, 0.5684289915359354, -2.7755575615628914e-16, 0.7572947349322673, 0.6530732611613088, 0.6213664105703324, 0.0, 0.0, 0.0, 1.0], "fov": 75.0, "aspect": 1.7777777777777777}, {"camera_to_world": [-0.78890627907151, -0.40132235734363797, 0.465367863456095, 0.4425350936802537, 0.6145135334893328, -0.5152135964238647, 0.5974345714958603, 0.5681220918463483, -2.7755575615628914e-16, 0.7572947349322673, 0.6530732611613088, 0.6210309295140115, 0.0, 0.0, 0.0, 1.0], "fov": 75.0, "aspect": 1.7777777777777777}, {"camera_to_world": [-0.78890627907151, -0.40132235734363797, 0.465367863456095, 0.442339694588661, 0.6145135334893328, -0.5152135964238647, 0.5974345714958603, 0.5678712404624788, -2.7755575615628914e-16, 0.7572947349322673, 0.6530732611613088, 0.6207567165053465, 0.0, 0.0, 0.0, 1.0], "fov": 75.0, "aspect": 1.7777777777777777}, {"camera_to_world": [-0.78890627907151, -0.40132235734363797, 0.465367863456095, 0.4421890188094556, 0.6145135334893328, -0.5152135964238647, 0.5974345714958603, 0.567677804416174, -2.7755575615628914e-16, 0.7572947349322673, 0.6530732611613088, 0.6205452658869628, 0.0, 0.0, 0.0, 1.0], "fov": 75.0, "aspect": 1.7777777777777777}, {"camera_to_world": [-0.78890627907151, -0.40132235734363797, 0.465367863456095, 0.4420841311834088, 0.6145135334893328, -0.5152135964238647, 0.5974345714958603, 0.5675431507392802, -2.7755575615628914e-16, 0.7572947349322673, 0.6530732611613088, 0.6203980720014866, 0.0, 0.0, 0.0, 1.0], "fov": 75.0, "aspect": 1.7777777777777777}, {"camera_to_world": [-0.78890627907151, -0.40132235734363797, 0.465367863456095, 0.4420260965512914, 0.6145135334893328, -0.5152135964238647, 0.5974345714958603, 0.5674686464636444, -2.7755575615628914e-16, 0.7572947349322673, 0.6530732611613088, 0.6203166291915432, 0.0, 0.0, 0.0, 1.0], "fov": 75.0, "aspect": 1.7777777777777777}, {"camera_to_world": [-0.78890627907151, -0.40132235734363797, 0.465367863456095, 0.4420159797538747, 0.6145135334893328, -0.5152135964238647, 0.5974345714958603, 0.5674556586211132, -2.7755575615628914e-16, 0.7572947349322673, 0.6530732611613088, 0.6203024317997585, 0.0, 0.0, 0.0, 1.0], "fov": 75.0, "aspect": 1.7777777777777777}, {"camera_to_world": [-0.78890627907151, -0.40132235734363797, 0.465367863456095, 0.4420548456319297, 0.6145135334893328, -0.5152135964238647, 0.5974345714958603, 0.5675055542435338, -2.7755575615628914e-16, 0.7572947349322673, 0.6530732611613088, 0.6203569741687585, 0.0, 0.0, 0.0, 1.0], "fov": 75.0, "aspect": 1.7777777777777777}, {"camera_to_world": [-0.78890627907151, -0.40132235734363797, 0.465367863456095, 0.44214375902622766, 0.6145135334893328, -0.5152135964238647, 0.5974345714958603, 0.5676197003627526, -2.7755575615628914e-16, 0.7572947349322673, 0.6530732611613088, 0.6204817506411686, 0.0, 0.0, 0.0, 1.0], "fov": 75.0, "aspect": 1.7777777777777777}, {"camera_to_world": [-0.78890627907151, -0.40132235734363797, 0.465367863456095, 0.4422837847775397, 0.6145135334893328, -0.5152135964238647, 0.5974345714958603, 0.5677994640106163, -2.7755575615628914e-16, 0.7572947349322673, 0.6530732611613088, 0.6206782555596146, 0.0, 0.0, 0.0, 1.0], "fov": 75.0, "aspect": 1.7777777777777777}, {"camera_to_world": [-0.78890627907151, -0.40132235734363797, 0.465367863456095, 0.44247598772663677, 0.6145135334893328, -0.5152135964238647, 0.5974345714958603, 0.568046212218972, -2.7755575615628914e-16, 0.7572947349322673, 0.6530732611613088, 0.6209479832667225, 0.0, 0.0, 0.0, 1.0], "fov": 75.0, "aspect": 1.7777777777777777}, {"camera_to_world": [-0.78890627907151, -0.40132235734363797, 0.465367863456095, 0.4427214327142902, 0.6145135334893328, -0.5152135964238647, 0.5974345714958603, 0.5683613120196663, -2.7755575615628914e-16, 0.7572947349322673, 0.6530732611613088, 0.6212924281051179, 0.0, 0.0, 0.0, 1.0], "fov": 75.0, "aspect": 1.7777777777777777}, {"camera_to_world": [-0.78890627907151, -0.40132235734363797, 0.465367863456095, 0.44302118458127104, 0.6145135334893328, -0.5152135964238647, 0.5974345714958603, 0.568746130444546, -2.7755575615628914e-16, 0.7572947349322673, 0.6530732611613088, 0.6217130844174265, 0.0, 0.0, 0.0, 1.0], "fov": 75.0, "aspect": 1.7777777777777777}, {"camera_to_world": [-0.78890627907151, -0.40132235734363797, 0.465367863456095, 0.4433763081683505, 0.6145135334893328, -0.5152135964238647, 0.5974345714958603, 0.5692020345254578, -2.7755575615628914e-16, 0.7572947349322673, 0.6530732611613088, 0.622211446546274, 0.0, 0.0, 0.0, 1.0], "fov": 75.0, "aspect": 1.7777777777777777}, {"camera_to_world": [-0.78890627907151, -0.40132235734363797, 0.465367863456095, 0.4437878683162994, 0.6145135334893328, -0.5152135964238647, 0.5974345714958603, 0.5697303912942485, -2.7755575615628914e-16, 0.7572947349322673, 0.6530732611613088, 0.6227890088342865, 0.0, 0.0, 0.0, 1.0], "fov": 75.0, "aspect": 1.7777777777777777}, {"camera_to_world": [-0.78890627907151, -0.40132235734363797, 0.465367863456095, 0.44425692986588927, 0.6145135334893328, -0.5152135964238647, 0.5974345714958603, 0.5703325677827649, -2.7755575615628914e-16, 0.7572947349322673, 0.6530732611613088, 0.6234472656240893, 0.0, 0.0, 0.0, 1.0], "fov": 75.0, "aspect": 1.7777777777777777}, {"camera_to_world": [-0.78890627907151, -0.40132235734363797, 0.465367863456095, 0.4447845576578911, 0.6145135334893328, -0.5152135964238647, 0.5974345714958603, 0.5710099310228538, -2.7755575615628914e-16, 0.7572947349322673, 0.6530732611613088, 0.6241877112583082, 0.0, 0.0, 0.0, 1.0], "fov": 75.0, "aspect": 1.7777777777777777}, {"camera_to_world": [-0.78890627907151, -0.40132235734363797, 0.465367863456095, 0.4453718165330759, 0.6145135334893328, -0.5152135964238647, 0.5974345714958603, 0.571763848046362, -2.7755575615628914e-16, 0.7572947349322673, 0.6530732611613088, 0.6250118400795693, 0.0, 0.0, 0.0, 1.0], "fov": 75.0, "aspect": 1.7777777777777777}, {"camera_to_world": [-0.78890627907151, -0.40132235734363797, 0.465367863456095, 0.4460197713322148, 0.6145135334893328, -0.5152135964238647, 0.5974345714958603, 0.5725956858851361, -2.7755575615628914e-16, 0.7572947349322673, 0.6530732611613088, 0.6259211464304981, 0.0, 0.0, 0.0, 1.0], "fov": 75.0, "aspect": 1.7777777777777777}, {"camera_to_world": [-0.78890627907151, -0.40132235734363797, 0.465367863456095, 0.44672948689607905, 0.6145135334893328, -0.5152135964238647, 0.5974345714958603, 0.5735068115710231, -2.7755575615628914e-16, 0.7572947349322673, 0.6530732611613088, 0.6269171246537204, 0.0, 0.0, 0.0, 1.0], "fov": 75.0, "aspect": 1.7777777777777777}, {"camera_to_world": [-0.7889062790715093, -0.40132235734363797, 0.46536786345609504, 0.44750202806543965, 0.6145135334893328, -0.5152135964238642, 0.5974345714958601, 0.5744985921358696, -2.498001805406602e-16, 0.7572947349322671, 0.653073261161309, 0.628001269091862, 0.0, 0.0, 0.0, 1.0], "fov": 75.0, "aspect": 1.7777777777777777}, {"camera_to_world": [-0.7888954622348717, -0.4013537889674119, 0.4653590933319448, 0.44838456767627655, 0.6145274197735011, -0.5152394645196804, 0.5973979783594816, 0.5756068233694261, 3.4279216654387046e-06, 0.7572604771694973, 0.6531129838743635, 0.6292832591921083, 0.0, 0.0, 0.0, 1.0], "fov": 75.0, "aspect": 1.7777777777777777}, {"camera_to_world": [-0.7888637442444753, -0.40144594967346425, 0.46533336706855266, 0.44941970874689935, 0.614568135225665, -0.5153153032590954, 0.597290670772811, 0.5768631133058612, 1.348460801578466e-05, 0.7571600146057345, 0.6532294482801653, 0.6308634135909952, 0.0, 0.0, 0.0, 1.0], "fov": 75.0, "aspect": 1.7777777777777777}, {"camera_to_world": [-0.7888122228060959, -0.4015956340296638, 0.4652915471830742, 0.45060166139157454, 0.6146342621929706, -0.5154384489701408, 0.5971163446613721, 0.5782625473436476, 2.983637520184712e-05, 0.7569967979136822, 0.6534185848736036, 0.6327291854151753, 0.0, 0.0, 0.0, 1.0], "fov": 75.0, "aspect": 1.7777777777777777}, {"camera_to_world": [-0.7887419944153362, -0.4017996318572153, 0.4652344807568798, 0.4519246357245684, 0.6147243801292777, -0.5156062206037623, 0.5968786826059206, 0.579800210881259, 5.215738313005258e-05, 0.7567742603406317, 0.6536763084015644, 0.6348680277913005, 0.0, 0.0, 0.0, 1.0], "fov": 75.0, "aspect": 1.7777777777777777}, {"camera_to_world": [-0.7886541546230186, -0.4020547292194241, 0.465163002729309, 0.453382841860147, 0.6148370662015761, -0.5158159234165848, 0.5965813567104946, 0.5814711893171687, 8.01279624552953e-05, 0.7564958214439729, 0.6539985211889385, 0.6372673938460226, 0.0, 0.0, 0.0, 1.0], "fov": 75.0, "aspect": 1.7777777777777777}, {"camera_to_world": [-0.7885497982864234, -0.40235770935098747, 0.4650779390040643, 0.4549704899125767, 0.6149708958604366, -0.5160648524407955, 0.5962280313100623, 0.5832705680498498, 0.00011343303683614137, 0.7561648906165155, 0.6543811162708315, 0.639914736705994, 0.0, 0.0, 0.0, 1.0], "fov": 75.0, "aspect": 1.7777777777777777}, {"camera_to_world": [-0.7884300198055443, -0.4027053535302987, 0.46498010936755757, 0.45668178999612385, 0.6151244433755958, -0.5163502957432184, 0.5958223655148855, 0.5851934324777757, 0.00015176064072158768, 0.75578487039893, 0.6548199803341221, 0.6427975094978665, 0.0, 0.0, 0.0, 1.0], "fov": 75.0, "aspect": 1.7777777777777777}, {"camera_to_world": [-0.7882959133436773, -0.4030944418967374, 0.46487033021866925, 0.4585109522250545, 0.6152962823375493, -0.5166695374752006, 0.5953680155893096, 0.5872348679994197, 0.00019480053288289945, 0.7553591595771639, 0.655310996470861, 0.6459031653482923, 0.0, 0.0, 0.0, 1.0], "fov": 75.0, "aspect": 1.7777777777777777}, {"camera_to_world": [-0.7881485730317768, -0.40352175421455105, 0.46474941710946216, 0.460452186713635, 0.6154849861258582, -0.517019860714621, 0.5948686371631012, 0.589389960013255, 0.00024224290586161157, 0.7548911560630743, 0.6558500467455419, 0.6492191573839233, 0.0, 0.0, 0.0, 1.0], "fov": 75.0, "aspect": 1.7777777777777777}, {"camera_to_world": [-0.7879890931562014, -0.4039840705844695, 0.4646181870965328, 0.4624997035761319, 0.615689128344677, -0.5173985501009727, 0.5943278872740049, 0.5916537939177551, 0.0002937771914684195, 0.7543842595570328, 0.6564330145776862, 0.6527329387314118, 0.0, 0.0, 0.0, 1.0], "fov": 75.0, "aspect": 1.7777777777777777}, {"camera_to_world": [-0.7878185683295482, -0.40447817210390646, 0.46447746090274794, 0.464647712926811, 0.6159072832258773, -0.5178028942641995, 0.5937494262405122, 0.594021455111393, 0.00034909096242380366, 0.7538418739915561, 0.6570557869408038, 0.6564319625174097, 0.0, 0.0, 0.0, 1.0], "fov": 75.0, "aspect": 1.7777777777777777}, {"camera_to_world": [-0.7876380936444272, -0.40500084147615234, 0.4643280648892337, 0.46689042487993876, 0.616138025999944, -0.518230188047616, 0.593136919364344, 0.5964880289926423, 0.00040786893020125503, 0.7532674097554869, 0.6577142563782505, 0.660303681868569, 0.0, 0.0, 0.0, 1.0], "fov": 75.0, "aspect": 1.7777777777777777}, {"camera_to_world": [-0.7874487648101185, -0.40554886356875974, 0.4641708328375521, 0.46922204954978153, 0.6163799332347374, -0.5186777345250561, 0.5924940384624108, 0.599048600959976, 0.00046979203909425227, 0.7526642856985067, 0.6584043228362013, 0.664335549911542, 0.0, 0.0, 0.0, 1.0], "fov": 75.0, "aspect": 1.7777777777777777}, {"camera_to_world": [-0.7872516782721435, -0.40611902592095406, 0.46400660754208, 0.4716367970506055, 0.6166315831420389, -0.5191428468120922, 0.5918244632283968, 0.6016982564118677, 0.0005345366565085719, 0.752035930916105, 0.6591218953135378, 0.6685150197729806, 0.0, 0.0, 0.0, 1.0], "fov": 75.0, "aspect": 1.7777777777777777}, {"camera_to_world": [-0.7870479313149086, -0.4067081191996746, 0.46383624221268666, 0.47412887749667687, 0.6168915558517112, -0.5196228496709971, 0.5911318824244275, 0.6044320807467904, 0.000601773859441046, 0.7513857863154288, 0.6598628933281265, 0.6728295445795366, 0.0, 0.0, 0.0, 1.0], "fov": 75.0, "aspect": 1.7777777777777777}, {"camera_to_world": [-0.7868386221476004, -0.4073129376036628, 0.46366060168785106, 0.47669250100226196, 0.6171584336532105, -0.5201150809089368, 0.5904199949034631, 0.6072451593632175, 0.0006711688170938368, 0.7507173059626137, 0.6606232481987403, 0.6772665774578625, 0.0, 0.0, 0.0, 1.0], "fov": 75.0, "aspect": 1.7777777777777777}, {"camera_to_world": [-0.7866248499736316, -0.40793027921472846, 0.46348056345844246, 0.47932187768162715, 0.6174308012040678, -0.5206168925686729, 0.5896925104634124, 0.6101325776596224, 0.0007423802695379345, 0.750033958212515, 0.6613989041415195, 0.6818135715346101, 0.0, 0.0, 0.0, 1.0], "fov": 75.0, "aspect": 1.7777777777777777}, {"camera_to_world": [-0.7864077150439686, -0.40855694629524314, 0.4632970185024187, 0.4820112176490384, 0.6177072457049166, -0.5211256519109823, 0.5889531505340639, 0.6130894210344784, 0.0008150601023275139, 0.7493392266218684, 0.6621858191797599, 0.6864579799364315, 0.0, 0.0, 0.0, 1.0], "fov": 75.0, "aspect": 1.7777777777777777}, {"camera_to_world": [-0.7861883186947254, -0.40918974553072684, 0.46311087193075035, 0.48475473101876226, 0.6179863570405703, -0.5216387421878498, 0.5882056486981427, 0.6161107748862584, 0.0008888530169459119, 0.7486366106470995, 0.6629799658655888, 0.691187255789979, 0.0, 0.0, 0.0, 1.0], "fov": 75.0, "aspect": 1.7777777777777777}, {"camera_to_world": [-0.7859677633694594, -0.40982548821626763, 0.46292304344491964, 0.487546627905065, 0.6182667278865847, -0.5221535632054034, 0.5874537510479582, 0.6191917246134363, 0.0009633962969473886, 0.7479296261281528, 0.6637773318119387, 0.6959888522219042, 0.0, 0.0, 0.0, 1.0], "fov": 75.0, "aspect": 1.7777777777777777}, {"camera_to_world": [-0.7857471526266142, -0.41046099038546985, 0.46273446760636566, 0.4903811184222125, 0.6185469537807384, -0.5226675316755128, 0.586701216379168, 0.6223273556144849, 0.0010383196696486796, 0.7472218055597718, 0.6645739200331728, 0.7008502223588594, 0.0, 0.0, 0.0, 1.0], "fov": 75.0, "aspect": 1.7777777777777777}, {"camera_to_world": [-0.7855275911325884, -0.4110930728805663, 0.4625460939182675, 0.4932524126844714, 0.6188256331588223, -0.5231780813549475, 0.5859518162232615, 0.6255127532878778, 0.0011132452632149625, 0.7465166981517357, 0.6653657490926432, 0.7057588193274967, 0.0, 0.0, 0.0, 1.0], "fov": 75.0, "aspect": 1.7777777777777777}, {"camera_to_world": [-0.7853101846409275, -0.4117185613622349, 0.46235888672009384, 0.496154720806108, 0.619101367354095, -0.5236826629709029, 0.5852093347204862, 0.6287430030320881, 0.0011877876589715675, 0.7458178696796663, 0.6661488530553523, 0.7107020962544682, 0.0, 0.0, 0.0, 1.0], "fov": 75.0, "aspect": 1.7777777777777777}, {"camera_to_world": [-0.785096039958114, -0.41233428625778407, 0.46217382489532177, 0.4990822529013883, 0.6193727605598223, -0.524178743931823, 0.5844775683348006, 0.6320131902455891, 0.00126155403878081, 0.7451289021279072, 0.6669192812440401, 0.7156675062664258, 0.0, 0.0, 0.0, 1.0], "fov": 75.0, "aspect": 1.7777777777777777}, {"camera_to_world": [-0.7848862648964393, -0.4129370826462907, 0.4619919013927474, 0.5020292190845785, 0.6196384197542649, -0.5246638078223784, 0.5837603254125439, 0.6353184003268544, 0.0013341444273146374, 0.744453393126052, 0.6676730977969344, 0.7206425024900216, 0.0, 0.0, 0.0, 1.0], "fov": 75.0, "aspect": 1.7777777777777777}, {"camera_to_world": [-0.7846819682144164, -0.41352379007939266, 0.461814122561798, 0.5049898294699453, 0.6198969545875541, -0.5251353536815639, 0.5830614255863733, 0.6386537186743568, 0.0014051520290600805, 0.7437949551806011, 0.6684063810255423, 0.7256145380519078, 0.0, 0.0, 0.0, 1.0], "fov": 75.0, "aspect": 1.7777777777777777}, {"camera_to_world": [-0.7844842595451588, -0.41409125233650285, 0.4616415073022261, 0.5079582941717546, 0.6201469772299051, -0.5255908950629333, 0.5823846990259589, 0.6420142306865699, 0.0014741636599020225, 0.743157214703142, 0.6691152225709501, 0.7305710660787362, 0.0, 0.0, 0.0, 1.0], "fov": 75.0, "aspect": 1.7777777777777777}, {"camera_to_world": [-0.7842942493131208, -0.41463631711334126, 0.4614750860285456, 0.5109288233042728, 0.6203871021806865, -0.526027958876102, 0.5817339855367681, 0.6453950217619671, 0.0015407602731380143, 0.7425438108363217, 0.6697957263572631, 0.735499539697159, 0.0, 0.0, 0.0, 1.0], "fov": 75.0, "aspect": 1.7777777777777777}, {"camera_to_world": [-0.7841130486395425, -0.41515583564281194, 0.4613158994495211, 0.513895626981766, 0.6206159460379166, -0.5264440840087621, 0.5811131335081292, 0.6487911772990214, 0.0016045175798009848, 0.7419583940787338, 0.6704440073409876, 0.7403874120338283, 0.0, 0.0, 0.0, 1.0], "fov": 75.0, "aspect": 1.7777777777777777}, {"camera_to_world": [-0.7839417692368778, -0.41564666224740543, 0.4611649971629943, 0.5168529153185009, 0.6208321272278295, -0.5268368197285538, 0.5805259987115744, 0.6521977826962062, 0.0016650067631721055, 0.7414046247096749, 0.6710561900553369, 0.7452221362153961, 0.0, 0.0, 0.0, 1.0], "fov": 75.0, "aspect": 1.7777777777777777}, {"camera_to_world": [-0.7837815232924167, -0.4161056538225673, 0.46102343606622964, 0.519794898428743, 0.621034265694259, -0.5272037238643814, 0.5799764429501615, 0.6556099233519949, 0.0017217952874050424, 0.7408861710144299, 0.6716284069487869, 0.7499911653685143, 0.0, 0.0, 0.0, 1.0], "fov": 75.0, "aspect": 1.7777777777777777}, {"camera_to_world": [-0.7836334233412441, -0.41652966925061563, 0.4608922785819429, 0.5227157864267593, 0.6212209825476654, -0.5275423607668496, 0.5794683325592972, 0.6590226846648607, 0.0017744478002008346, 0.7404067073105914, 0.6721567965173695, 0.7546819526198354, 0.0, 0.0, 0.0, 1.0], "fov": 75.0, "aspect": 1.7777777777777777}, {"camera_to_world": [-0.783498582128586, -0.4169155687450962, 0.4607725907000644, 0.5256097894268159, 0.6213908996737547, -0.5278502990477548, 0.5790055367592248, 0.6624311520332767, 0.0018225271295056744, 0.7399699117755731, 0.6726375012305759, 0.7592819510960112, 0.0, 0.0, 0.0, 1.0], "fov": 75.0, "aspect": 1.7777777777777777}, {"camera_to_world": [-0.7833781124614633, -0.4172602131257708, 0.46066543983519215, 0.5284711175431787, 0.6215426393017733, -0.5281251090987942, 0.5785919258589531, 0.6658304108557167, 0.0018655953742479359, 0.7395794640751072, 0.67306666525113, 0.7637786139236935, 0.0, 0.0, 0.0, 1.0], "fov": 75.0, "aspect": 1.7777777777777777}, {"camera_to_world": [-0.7832731270495448, -0.41756046302461647, 0.46057189249963526, 0.5312939808901141, 0.6216748235326505, -0.5283643603898175, 0.5782313693112013, 0.6692155465306535, 0.0019032150891543365, 0.7392390427923345, 0.6734404319491052, 0.7681593942295345, 0.0, 0.0, 0.0, 1.0], "fov": 75.0, "aspect": 1.7777777777777777}, {"camera_to_world": [-0.7831847383348556, -0.4178131780237505, 0.46049301179177204, 0.5340725895818887, 0.6217860738273889, -0.5285656185473435, 0.5779277336172616, 0.6725816444565607, 0.0019349505637556719, 0.7389523226564468, 0.6737549412115345, 0.7724117451401866, 0.0, 0.0, 0.0, 1.0], "fov": 75.0, "aspect": 1.7777777777777777}, {"camera_to_world": [-0.7831140583099878, -0.4180152157263632, 0.46042985469939146, 0.5368011537327685, 0.6218750104561825, -0.5287264422142199, 0.5776848800804949, 0.6759237900319114, 0.0019603691957131575, 0.7387229715696778, 0.6740063265488547, 0.7765231197823017, 0.0, 0.0, 0.0, 1.0], "fov": 75.0, "aspect": 1.7777777777777777}, {"camera_to_world": [-0.7830621983242266, -0.4181634307622876, 0.4603834692175026, 0.5394738834570195, 0.6219402519089735, -0.5288443796917163, 0.5775066624064925, 0.679237068655179, 0.0019790429586734326, 0.7385546474307757, 0.6741907120002251, 0.7804809712825314, 0.0, 0.0, 0.0, 1.0], "fov": 75.0, "aspect": 1.7777777777777777}, {"camera_to_world": [-0.7830302688769428, -0.41825467373008274, 0.4603548912800265, 0.5420849888689085, 0.6219804142682792, -0.528916965365544, 0.5773969241476473, 0.6825165657248367, 0.0019905499648889824, 0.7384509947528315, 0.674304208840039, 0.7842727527675283, 0.0, 0.0, 0.0, 1.0], "fov": 75.0, "aspect": 1.7777777777777777}, {"camera_to_world": [-0.7830193793973623, -0.4182857900781545, 0.460345141504571, 0.5446286800827015, 0.621994110545401, -0.528941715917795, 0.5773594959890881, 0.685757366639357